3,2
3,1
3,3
10,239
10,217
10,275
10,141
10,199
10,193
10,75
8,8
8,2
8,3
124,3
124,1
111,3
111,1
110,3
110,2
110,1
110,0
109,3
109,1
103,3
103,2
103,1
103,0
97,3
97,2
97,1
97,0
87,3
87,2
87,1
87,0
72,3
72,1
20,3
20,2
20,1
19,3
19,2
19,1
12,3
12,2
12,1
11,28
11,27
11,26
11,25
11,24
11,23
11,22
11,21
11,20
11,19
11,18
11,17
11,16
11,15
11,14
11,13
11,12
11,11
11,10
11,9
11,8
11,7
11,6
11,5
11,4
11,3
11,2
11,1
10,303
10,302
10,301
10,300
10,299
10,296
10,294
10,292
10,288
10,287
10,286
10,285
10,284
10,282
10,280
10,278
10,276
10,272
10,271
10,268
10,267
10,264
10,225
10,223
10,215
10,181
10,179
10,173
10,129
10,121
10,115
10,101
18,1
10,33
18,3
10,29
10,3
10,2
14,1
10,1
14,3
